<<<<<<< HEAD
Put: 314 Call: 483 Vol: 24.06 Vol Chg: 0.00 Future Chg: -109.9
Strike,Call,Put,Vol Settle
4605,0,0,0.41955945888986435
4610,0,0,0.4167495864212185
4615,0,0,0.4139455701876784
4620,0,0,0.4111479779788283
4625,0,0,0.4083573718213813
4630,0,0,0.4055743079795775
4635,0,0,0.40279933695541104
4640,0,0,0.40003300348851667
4645,0,0,0.39727584655653914
4650,0,0,0.39452839937430895
4655,0,0,0.39179118939429713
4660,0,0,0.38906473830672894
4665,0,0,0.38634956203938486
4670,0,0,0.38364617075757224
4675,0,0,0.38095506886466524
4680,0,0,0.3782767550013091
4685,0,0,0.3756117220457611
4690,0,0,0.37296045711394754
4695,0,0,0.37032344155952046
4700,0,38,0.3677011509734882
4705,0,0,0.36509405518515337
4710,0,0,0.36250261826069163
4715,0,0,0.35992729850445926
4720,0,0,0.35736854845785615
4725,0,0,0.35482681490049117
4730,0,0,0.35230253884924423
4735,0,0,0.3497961555585789
4740,0,0,0.3473080945212246
4745,0,0,0.34483877946678376
4750,0,7,0.3423886283627269
4755,0,0,0.3399580534143354
4760,0,0,0.33754746106410494
4765,0,0,0.33515725199274016
4770,0,0,0.33278782111815985
4775,0,0,0.33043955759578125
4780,0,0,0.32811284481940106
4785,0,0,0.3258080604196891
4790,0,4,0.3235255762650979
4795,0,0,0.3212657584619478
4800,0,66,0.3190289673539439
4805,0,0,0.3168155575225171
4810,0,0,0.3146258777867388
4815,0,0,0.3124602712029798
4820,0,0,0.31031907506627476
4825,0,0,0.308202620908105
4830,0,0,0.30611123449807565
4835,0,0,0.3040452358436312
4840,0,0,0.3020049391892883
4845,0,0,0.2999906530176304
4850,0,9,0.29800268004876784
4855,0,0,0.29604131724045146
4860,0,0,0.29410685578801576
4865,0,0,0.29219958112412314
4870,0,2,0.2903197729199576
4875,0,2,0.28846770508337727
4880,0,23,0.2866436457603925
4885,0,0,0.2848478573344835
4890,0,0,0.28308059642674266
4895,0,0,0.28134211389595976
4900,2,24,0.2796326548384229
4905,0,0,0.27795245858823137
4910,0,0,0.2763017587169827
4915,0,0,0.2746807830339151
4920,0,0,0.2730897535860777
4925,0,9,0.27152888665779074
4930,0,1,0.2699983927712992
4935,0,1,0.26849847668611915
4940,0,1,0.26702933740020285
4945,0,0,0.2655911681483758
4950,25,9,0.2641841564032461
4955,0,0,0.26280848387511924
4960,0,0,0.2614643265119412
4965,0,0,0.2601518544992416
4970,2,0,0.258871232260276
4975,0,0,0.2576226184557697
4980,102,0,0.25640616598423094
4985,0,0,0.2552220219816945
4990,0,0,0.25407032782186434
4995,2,0,0.25295121911605634
5000,9,110,0.2518648257133975
5005,0,0,0.2508112717002575
5010,0,0,0.24979067540095912
5015,0,0,0.24880314937729509
5020,2,0,0.24784880042884083
5025,0,0,0.2469277295925849
5030,0,0,0.24604003214332693
5035,0,0,0.24518579759342174
5040,0,0,0.24436510969295
5045,0,0,0.24357804642929182
5050,60,0,0.2428246800278373
5055,10,0,0.24210507695158867
5060,0,0,0.24141929790087602
5065,0,0,0.2407673978139826
5070,0,0,0.2401494258664627
5075,0,0,0.23956542547188064
5080,20,0,0.23901543428132754
5085,0,0,0.23849948418325084
5090,3,0,0.23801760130402272
5095,0,0,0.2375698060076843
5100,44,0,0.23715611289543403
5105,0,0,0.23677653080687833
5110,1,0,0.23643106281843984
5115,1,0,0.2361197062446081
5120,1,0,0.23584245263782577
5125,2,0,0.23559928778723815
5130,0,0,0.23539019172051212
5135,4,0,0.23521513870252875
5140,0,0,0.23507409723566752
5145,0,0,0.23496703006031794
5150,22,0,0.2348938941542542
5155,0,0,0.2348546407330332
5160,2,0,0.2348492152495396
5165,0,0,0.2348775573946682
5170,0,0,0.2349396010965279
5175,3,0,0.235035274521465
5180,2,0,0.2351645000728695
5185,0,0,0.23532719439174343
5190,0,0,0.23552326835749682
5195,0,0,0.23575262708601485
5200,79,0,0.2360151699317612
5205,0,0,0.23631079048647052
5210,0,0,0.23663937657954648
5215,0,0,0.23700081027806164
5220,3,0,0.23739496788613224
5225,0,0,0.23782171994673718
5230,0,0,0.23828093123933058
5235,0,0,0.23877246078143344
5240,0,0,0.2392961618282925
5245,0,0,0.23985188187305084
5250,0,0,0.24043946264549731
5255,0,0,0.24105874011394235
5260,0,0,0.24170954448402426
5265,0,0,0.24239170019882295
5270,0,0,0.2431050259397125
5275,0,0,0.24384933462511071
5280,0,0,0.24462443341093376
5285,0,0,0.24543012369122152
5290,0,0,0.24626620109722808
=======
Put: 861 Call: 685 Vol: 54.68 Vol Chg: 0.00 Future Chg: 44.8
Strike,Call,Put,Vol Settle
4745,0,0,0.7578525848707613
4750,1,15,0.7515794977348378
4755,0,0,0.745327228499491
4760,0,2,0.7390992758562334
4765,0,0,0.7328991006068009
4770,0,3,0.7267301256704286
4775,1,0,0.7205957360833963
4780,0,0,0.7144992789894786
4785,0,0,0.7084440636576801
4790,0,0,0.7024333614624538
4795,0,0,0.6964704058996176
4800,0,46,0.6905583925756673
4805,0,1,0.6847004792170992
4810,0,0,0.6788997856585866
4815,0,0,0.6731593938527567
4820,0,0,0.6674823478722374
4825,0,22,0.6618716538953322
4830,0,2,0.6563302802201179
4835,0,4,0.6508611572623977
4840,0,1,0.6454671775466068
4845,0,6,0.6401511957149069
4850,0,50,0.6349160285285507
4855,0,1,0.6297644548553762
4860,0,5,0.6246992156845863
4865,0,0,0.6197230141185628
4870,0,3,0.6148385153733216
4875,0,7,0.6100483467839695
4880,0,5,0.6053550977928808
4885,0,1,0.600761319962885
4890,0,3,0.5962695269743108
4895,0,0,0.5918821946127082
4900,0,315,0.5876017607881749
4905,0,1,0.5834306255235333
4910,0,5,0.5793711509502373
4915,0,0,0.5754256613242887
4920,0,1,0.5715964430087297
4925,2,13,0.5678857444859204
4930,2,2,0.5642957763495815
4935,0,15,0.5608287113125243
4940,2,14,0.5574866842021038
4945,1,2,0.5542717919540792
4950,27,34,0.5511860936276207
4955,2,7,0.5482316103943958
4960,2,1,0.545410325534931
4965,0,0,0.5427241844517994
4970,4,5,0.5401750946632546
4975,10,3,0.5377649257934536
4980,10,2,0.535495509593602
4985,20,1,0.5333686399171711
4990,1,65,0.5313860727426345
4995,10,3,0.5295495261616452
5000,65,82,0.5278606803753974
5005,52,2,0.5263211777019023
5010,8,21,0.5249326225782625
5015,3,0,0.5236965815549866
5020,11,0,0.5226145832937164
5025,98,0,0.5216881185754119
5030,31,0,0.5209186402910291
5035,2,0,0.5203075634535708
5040,8,0,0.5198562651830798
5045,2,0,0.5195660847221006
5050,61,4,0.5194383234193083
5055,51,0,0.5194742447470162
5060,1,0,0.5196750742891254
5065,3,1,0.5200419997415793
5070,28,0,0.5205761709198669
5075,3,1,0.5212786997503827
5080,4,0,0.5221506602754289
5085,6,0,0.5231930886552618
5090,1,2,0.5244069831626348
5095,4,0,0.5257933041837077
5100,78,10,0.5273529742216851
5105,0,0,0.5290868778949971
5110,3,0,0.5309958619345707
5115,0,0,0.5330807351908788
5120,3,0,0.5353422686227987
5125,24,0,0.5377811953094351
5130,0,0,0.5403982104412535
5135,0,0,0.5431939713264455
5140,0,0,0.5461690973882014
5145,0,0,0.549324170162663
5150,10,0,0.5526597333005157
5155,0,0,0.5561762925681251
5160,1,0,0.5598743158500383
5165,0,0,0.5637542331387522
5170,0,0,0.567816436548128
5175,0,0,0.5720612803045242
5180,0,0,0.57648908074475
5185,1,0,0.5811001163333458
5190,0,0,0.5858946276341612
5195,0,0,0.5908728173353666
5200,7,1,0.5960348502403576
5205,0,0,0.6013808532604799
5210,1,0,0.6069109154279886
5215,0,0,0.6126250878890005
5220,0,0,0.6185233839053126
5225,0,0,0.6246057788489452
5230,0,0,0.6308722102119191
5235,0,0,0.6373225776014806
5240,0,0,0.6439567427332804
5245,0,0,0.6507745294445613
5250,17,0,0.6577757236871093
>>>>>>> 4348236c5bf4d40b9c8fd55fab0837f764ccbb10
