Option Contract:		Apr 2026 Option Expiration:	3/26/2026 (0.03 DTE) Option Symbol:		OGJ6 Underlying Future:	Apr 2026 Underlying Symbol:	GCJ6 - OGJ6 Intraday Volume - Put: 8,912 Call: 6,454 Vol: 54.34 Vol Chg: 0.00 Future Chg: -168.5 FutPrc: 4384.9
Strike,Call,Put,Vol Settle
4320,0,39,0.7672987590613047
4325,0,97,0.7605664012044144
4330,0,35,0.7538645995095976
4335,0,4,0.7471981285498259
4340,4,16,0.7405716719986231
4345,0,46,0.7339898226400692
4350,7,363,0.7274570823633439
4355,0,44,0.7209778621622718
4360,2,19,0.7145564821366861
4365,0,12,0.7081971714887914
4370,5,88,0.7019040685295295
4375,3,296,0.6956812206708491
4380,8,27,0.689532584437984
4385,4,18,0.6834620254553556
4390,3,207,0.6774733184538491
4395,19,109,0.6715701472680848
4400,280,1375,0.6657561048441494
4405,233,468,0.6600346932264074
4410,284,387,0.6544093235693254
4415,2,18,0.648883316131105
4420,28,165,0.6434599002727737
4425,130,477,0.6381422144659155
4430,17,137,0.6329333062872138
4435,58,23,0.6278361324089019
4440,203,99,0.622853558625593
4445,24,216,0.6179883598210836